1 2 9 0
1 3 17.793595 1
1 4 0.873840 1
1 5 1.371000 1
1 6 2 0
1 7 0 0
1 8 1 2
1 9 1 2
1 10 0.000000 3
1 11 0.000000 3
1 10 0.000000 3
1 11 0.000000 3
1 10 0.000017 3
1 11 0.000022 3
1 10 0.000017 3
1 11 0.000022 3
1 10 0.000131 3
1 11 0.000101 3
1 10 0.000131 3
1 11 0.000101 3
1 10 0.000402 3
1 11 0.000136 3
1 10 0.000402 3
1 11 0.000136 3
1 10 0.000798 3
1 11 0.000097 3
1 10 0.000798 3
1 11 0.000097 3
1 10 0.000995 3
1 11 0.000155 3
1 10 0.000995 3
1 11 0.000155 3
1 10 0.000893 3
1 11 0.000742 3